{
 "cells": [
  {
   "cell_type": "code",
   "execution_count": 88,
   "metadata": {},
   "outputs": [],
   "source": [
    "import numpy as np\n",
    "import pandas as pd\n",
    "import matplotlib.pyplot as plt\n",
    "import statsmodels.formula.api as smf\n",
    "from sklearn import metrics\n",
    "from statsmodels.tsa.stattools import grangercausalitytests\n",
    "\n",
    "%matplotlib inline"
   ]
  },
  {
   "cell_type": "code",
   "execution_count": 2,
   "metadata": {},
   "outputs": [
    {
     "name": "stdout",
     "output_type": "stream",
     "text": [
      "             Bitcoin  Ethereum    Ripple       NEM  Litecoin   Stellar  \\\n",
      "Date                                                                     \n",
      "2015-08-28  0.029070  0.034191 -0.015750 -0.042111  0.013841  0.160472   \n",
      "2015-08-29 -0.007025 -0.008439  0.041892  0.031749 -0.010363  0.090510   \n",
      "2015-08-30 -0.004449  0.112117  0.037850  0.080043 -0.010471 -0.086694   \n",
      "2015-08-31  0.005667  0.029853 -0.020837 -0.101096 -0.003515  0.047923   \n",
      "2015-09-01 -0.008468 -0.007380 -0.008790  0.061875 -0.007067 -0.017908   \n",
      "\n",
      "                Dash    Monero     Verge    Siacon  \n",
      "Date                                                \n",
      "2015-08-28  0.015504  0.034112 -0.133531  0.047628  \n",
      "2015-08-29  0.000000 -0.010597  0.000000 -0.097638  \n",
      "2015-08-30 -0.015504 -0.037503  0.133531 -0.137201  \n",
      "2015-08-31  0.007782  0.017769 -0.133531 -0.060625  \n",
      "2015-09-01 -0.015625 -0.018841  0.000000 -0.064539  \n"
     ]
    },
    {
     "name": "stderr",
     "output_type": "stream",
     "text": [
      "/home/lin/.pyenv/versions/3.6.3/lib/python3.6/site-packages/ipykernel_launcher.py:5: RuntimeWarning: divide by zero encountered in log\n",
      "  \"\"\"\n"
     ]
    }
   ],
   "source": [
    "crypto = pd.read_csv('/home/lin/教材/Financial_data/data/cryptocurrency/allcrypto.csv')\n",
    "crypto['Date']=pd.to_datetime(crypto['Date'])\n",
    "crypto.set_index('Date', inplace = True)\n",
    "crypto.sort_index(inplace=True)\n",
    "logRC = np.log(crypto).diff()\n",
    "logRC.drop(logRC.index[0], inplace = True)\n",
    "logRC.replace([np.inf, -np.inf], np.nan, inplace=True)\n",
    "logRC.dropna(inplace=True)\n",
    "print(logRC.head())"
   ]
  },
  {
   "cell_type": "code",
   "execution_count": 3,
   "metadata": {},
   "outputs": [
    {
     "data": {
      "text/plain": [
       "863"
      ]
     },
     "execution_count": 3,
     "metadata": {},
     "output_type": "execute_result"
    }
   ],
   "source": [
    "len(logRC)"
   ]
  },
  {
   "cell_type": "code",
   "execution_count": 4,
   "metadata": {},
   "outputs": [
    {
     "data": {
      "text/html": [
       "<div>\n",
       "<style scoped>\n",
       "    .dataframe tbody tr th:only-of-type {\n",
       "        vertical-align: middle;\n",
       "    }\n",
       "\n",
       "    .dataframe tbody tr th {\n",
       "        vertical-align: top;\n",
       "    }\n",
       "\n",
       "    .dataframe thead th {\n",
       "        text-align: right;\n",
       "    }\n",
       "</style>\n",
       "<table border=\"1\" class=\"dataframe\">\n",
       "  <thead>\n",
       "    <tr style=\"text-align: right;\">\n",
       "      <th></th>\n",
       "      <th>Bitcoin</th>\n",
       "      <th>Ethereum</th>\n",
       "      <th>Ripple</th>\n",
       "      <th>NEM</th>\n",
       "      <th>Litecoin</th>\n",
       "      <th>Stellar</th>\n",
       "      <th>Dash</th>\n",
       "      <th>Monero</th>\n",
       "      <th>Verge</th>\n",
       "      <th>Siacon</th>\n",
       "    </tr>\n",
       "  </thead>\n",
       "  <tbody>\n",
       "    <tr>\n",
       "      <th>Bitcoin</th>\n",
       "      <td>1.000000</td>\n",
       "      <td>0.251753</td>\n",
       "      <td>0.139084</td>\n",
       "      <td>0.268532</td>\n",
       "      <td>0.494269</td>\n",
       "      <td>0.234865</td>\n",
       "      <td>0.289117</td>\n",
       "      <td>0.338252</td>\n",
       "      <td>0.156368</td>\n",
       "      <td>0.224386</td>\n",
       "    </tr>\n",
       "    <tr>\n",
       "      <th>Ethereum</th>\n",
       "      <td>0.251753</td>\n",
       "      <td>1.000000</td>\n",
       "      <td>0.127481</td>\n",
       "      <td>0.178049</td>\n",
       "      <td>0.248787</td>\n",
       "      <td>0.177486</td>\n",
       "      <td>0.259046</td>\n",
       "      <td>0.282242</td>\n",
       "      <td>0.087976</td>\n",
       "      <td>0.240185</td>\n",
       "    </tr>\n",
       "    <tr>\n",
       "      <th>Ripple</th>\n",
       "      <td>0.139084</td>\n",
       "      <td>0.127481</td>\n",
       "      <td>1.000000</td>\n",
       "      <td>0.186073</td>\n",
       "      <td>0.222997</td>\n",
       "      <td>0.493780</td>\n",
       "      <td>0.066912</td>\n",
       "      <td>0.161131</td>\n",
       "      <td>0.028562</td>\n",
       "      <td>0.101187</td>\n",
       "    </tr>\n",
       "    <tr>\n",
       "      <th>NEM</th>\n",
       "      <td>0.268532</td>\n",
       "      <td>0.178049</td>\n",
       "      <td>0.186073</td>\n",
       "      <td>1.000000</td>\n",
       "      <td>0.284975</td>\n",
       "      <td>0.314188</td>\n",
       "      <td>0.214994</td>\n",
       "      <td>0.200316</td>\n",
       "      <td>0.127590</td>\n",
       "      <td>0.199980</td>\n",
       "    </tr>\n",
       "    <tr>\n",
       "      <th>Litecoin</th>\n",
       "      <td>0.494269</td>\n",
       "      <td>0.248787</td>\n",
       "      <td>0.222997</td>\n",
       "      <td>0.284975</td>\n",
       "      <td>1.000000</td>\n",
       "      <td>0.281944</td>\n",
       "      <td>0.279734</td>\n",
       "      <td>0.287184</td>\n",
       "      <td>0.077032</td>\n",
       "      <td>0.224882</td>\n",
       "    </tr>\n",
       "    <tr>\n",
       "      <th>Stellar</th>\n",
       "      <td>0.234865</td>\n",
       "      <td>0.177486</td>\n",
       "      <td>0.493780</td>\n",
       "      <td>0.314188</td>\n",
       "      <td>0.281944</td>\n",
       "      <td>1.000000</td>\n",
       "      <td>0.153701</td>\n",
       "      <td>0.288804</td>\n",
       "      <td>0.084698</td>\n",
       "      <td>0.231455</td>\n",
       "    </tr>\n",
       "    <tr>\n",
       "      <th>Dash</th>\n",
       "      <td>0.289117</td>\n",
       "      <td>0.259046</td>\n",
       "      <td>0.066912</td>\n",
       "      <td>0.214994</td>\n",
       "      <td>0.279734</td>\n",
       "      <td>0.153701</td>\n",
       "      <td>1.000000</td>\n",
       "      <td>0.338380</td>\n",
       "      <td>0.147918</td>\n",
       "      <td>0.218835</td>\n",
       "    </tr>\n",
       "    <tr>\n",
       "      <th>Monero</th>\n",
       "      <td>0.338252</td>\n",
       "      <td>0.282242</td>\n",
       "      <td>0.161131</td>\n",
       "      <td>0.200316</td>\n",
       "      <td>0.287184</td>\n",
       "      <td>0.288804</td>\n",
       "      <td>0.338380</td>\n",
       "      <td>1.000000</td>\n",
       "      <td>0.122108</td>\n",
       "      <td>0.200843</td>\n",
       "    </tr>\n",
       "    <tr>\n",
       "      <th>Verge</th>\n",
       "      <td>0.156368</td>\n",
       "      <td>0.087976</td>\n",
       "      <td>0.028562</td>\n",
       "      <td>0.127590</td>\n",
       "      <td>0.077032</td>\n",
       "      <td>0.084698</td>\n",
       "      <td>0.147918</td>\n",
       "      <td>0.122108</td>\n",
       "      <td>1.000000</td>\n",
       "      <td>0.125942</td>\n",
       "    </tr>\n",
       "    <tr>\n",
       "      <th>Siacon</th>\n",
       "      <td>0.224386</td>\n",
       "      <td>0.240185</td>\n",
       "      <td>0.101187</td>\n",
       "      <td>0.199980</td>\n",
       "      <td>0.224882</td>\n",
       "      <td>0.231455</td>\n",
       "      <td>0.218835</td>\n",
       "      <td>0.200843</td>\n",
       "      <td>0.125942</td>\n",
       "      <td>1.000000</td>\n",
       "    </tr>\n",
       "  </tbody>\n",
       "</table>\n",
       "</div>"
      ],
      "text/plain": [
       "           Bitcoin  Ethereum    Ripple       NEM  Litecoin   Stellar  \\\n",
       "Bitcoin   1.000000  0.251753  0.139084  0.268532  0.494269  0.234865   \n",
       "Ethereum  0.251753  1.000000  0.127481  0.178049  0.248787  0.177486   \n",
       "Ripple    0.139084  0.127481  1.000000  0.186073  0.222997  0.493780   \n",
       "NEM       0.268532  0.178049  0.186073  1.000000  0.284975  0.314188   \n",
       "Litecoin  0.494269  0.248787  0.222997  0.284975  1.000000  0.281944   \n",
       "Stellar   0.234865  0.177486  0.493780  0.314188  0.281944  1.000000   \n",
       "Dash      0.289117  0.259046  0.066912  0.214994  0.279734  0.153701   \n",
       "Monero    0.338252  0.282242  0.161131  0.200316  0.287184  0.288804   \n",
       "Verge     0.156368  0.087976  0.028562  0.127590  0.077032  0.084698   \n",
       "Siacon    0.224386  0.240185  0.101187  0.199980  0.224882  0.231455   \n",
       "\n",
       "              Dash    Monero     Verge    Siacon  \n",
       "Bitcoin   0.289117  0.338252  0.156368  0.224386  \n",
       "Ethereum  0.259046  0.282242  0.087976  0.240185  \n",
       "Ripple    0.066912  0.161131  0.028562  0.101187  \n",
       "NEM       0.214994  0.200316  0.127590  0.199980  \n",
       "Litecoin  0.279734  0.287184  0.077032  0.224882  \n",
       "Stellar   0.153701  0.288804  0.084698  0.231455  \n",
       "Dash      1.000000  0.338380  0.147918  0.218835  \n",
       "Monero    0.338380  1.000000  0.122108  0.200843  \n",
       "Verge     0.147918  0.122108  1.000000  0.125942  \n",
       "Siacon    0.218835  0.200843  0.125942  1.000000  "
      ]
     },
     "execution_count": 4,
     "metadata": {},
     "output_type": "execute_result"
    }
   ],
   "source": [
    "corrcoeff = logRC.corr()\n",
    "corrcoeff"
   ]
  },
  {
   "cell_type": "code",
   "execution_count": 103,
   "metadata": {},
   "outputs": [
    {
     "data": {
      "text/html": [
       "<div>\n",
       "<style scoped>\n",
       "    .dataframe tbody tr th:only-of-type {\n",
       "        vertical-align: middle;\n",
       "    }\n",
       "\n",
       "    .dataframe tbody tr th {\n",
       "        vertical-align: top;\n",
       "    }\n",
       "\n",
       "    .dataframe thead th {\n",
       "        text-align: right;\n",
       "    }\n",
       "</style>\n",
       "<table border=\"1\" class=\"dataframe\">\n",
       "  <thead>\n",
       "    <tr style=\"text-align: right;\">\n",
       "      <th></th>\n",
       "      <th>Bitcoin</th>\n",
       "      <th>Ethereum</th>\n",
       "      <th>Ripple</th>\n",
       "      <th>NEM</th>\n",
       "      <th>Litecoin</th>\n",
       "      <th>Stellar</th>\n",
       "      <th>Dash</th>\n",
       "      <th>Monero</th>\n",
       "      <th>Verge</th>\n",
       "      <th>Siacon</th>\n",
       "    </tr>\n",
       "  </thead>\n",
       "  <tbody>\n",
       "    <tr>\n",
       "      <th>Bitcoin</th>\n",
       "      <td>1.000000</td>\n",
       "      <td>0.130544</td>\n",
       "      <td>0.146645</td>\n",
       "      <td>0.191949</td>\n",
       "      <td>0.449870</td>\n",
       "      <td>0.158448</td>\n",
       "      <td>0.166142</td>\n",
       "      <td>0.229290</td>\n",
       "      <td>0.155958</td>\n",
       "      <td>0.153605</td>\n",
       "    </tr>\n",
       "    <tr>\n",
       "      <th>Ethereum</th>\n",
       "      <td>0.130544</td>\n",
       "      <td>1.000000</td>\n",
       "      <td>0.140540</td>\n",
       "      <td>0.150541</td>\n",
       "      <td>0.159724</td>\n",
       "      <td>0.167038</td>\n",
       "      <td>0.204423</td>\n",
       "      <td>0.252394</td>\n",
       "      <td>0.073045</td>\n",
       "      <td>0.163056</td>\n",
       "    </tr>\n",
       "    <tr>\n",
       "      <th>Ripple</th>\n",
       "      <td>0.146645</td>\n",
       "      <td>0.140540</td>\n",
       "      <td>1.000000</td>\n",
       "      <td>0.205839</td>\n",
       "      <td>0.217995</td>\n",
       "      <td>0.316807</td>\n",
       "      <td>0.152273</td>\n",
       "      <td>0.172147</td>\n",
       "      <td>0.041373</td>\n",
       "      <td>0.147993</td>\n",
       "    </tr>\n",
       "    <tr>\n",
       "      <th>NEM</th>\n",
       "      <td>0.191949</td>\n",
       "      <td>0.150541</td>\n",
       "      <td>0.205839</td>\n",
       "      <td>1.000000</td>\n",
       "      <td>0.182682</td>\n",
       "      <td>0.235501</td>\n",
       "      <td>0.188961</td>\n",
       "      <td>0.189323</td>\n",
       "      <td>0.110369</td>\n",
       "      <td>0.187156</td>\n",
       "    </tr>\n",
       "    <tr>\n",
       "      <th>Litecoin</th>\n",
       "      <td>0.449870</td>\n",
       "      <td>0.159724</td>\n",
       "      <td>0.217995</td>\n",
       "      <td>0.182682</td>\n",
       "      <td>1.000000</td>\n",
       "      <td>0.231749</td>\n",
       "      <td>0.185582</td>\n",
       "      <td>0.217628</td>\n",
       "      <td>0.091371</td>\n",
       "      <td>0.168379</td>\n",
       "    </tr>\n",
       "    <tr>\n",
       "      <th>Stellar</th>\n",
       "      <td>0.158448</td>\n",
       "      <td>0.167038</td>\n",
       "      <td>0.316807</td>\n",
       "      <td>0.235501</td>\n",
       "      <td>0.231749</td>\n",
       "      <td>1.000000</td>\n",
       "      <td>0.170578</td>\n",
       "      <td>0.245895</td>\n",
       "      <td>0.065280</td>\n",
       "      <td>0.204456</td>\n",
       "    </tr>\n",
       "    <tr>\n",
       "      <th>Dash</th>\n",
       "      <td>0.166142</td>\n",
       "      <td>0.204423</td>\n",
       "      <td>0.152273</td>\n",
       "      <td>0.188961</td>\n",
       "      <td>0.185582</td>\n",
       "      <td>0.170578</td>\n",
       "      <td>1.000000</td>\n",
       "      <td>0.243950</td>\n",
       "      <td>0.070023</td>\n",
       "      <td>0.196408</td>\n",
       "    </tr>\n",
       "    <tr>\n",
       "      <th>Monero</th>\n",
       "      <td>0.229290</td>\n",
       "      <td>0.252394</td>\n",
       "      <td>0.172147</td>\n",
       "      <td>0.189323</td>\n",
       "      <td>0.217628</td>\n",
       "      <td>0.245895</td>\n",
       "      <td>0.243950</td>\n",
       "      <td>1.000000</td>\n",
       "      <td>0.102924</td>\n",
       "      <td>0.182310</td>\n",
       "    </tr>\n",
       "    <tr>\n",
       "      <th>Verge</th>\n",
       "      <td>0.155958</td>\n",
       "      <td>0.073045</td>\n",
       "      <td>0.041373</td>\n",
       "      <td>0.110369</td>\n",
       "      <td>0.091371</td>\n",
       "      <td>0.065280</td>\n",
       "      <td>0.070023</td>\n",
       "      <td>0.102924</td>\n",
       "      <td>1.000000</td>\n",
       "      <td>0.105098</td>\n",
       "    </tr>\n",
       "    <tr>\n",
       "      <th>Siacon</th>\n",
       "      <td>0.153605</td>\n",
       "      <td>0.163056</td>\n",
       "      <td>0.147993</td>\n",
       "      <td>0.187156</td>\n",
       "      <td>0.168379</td>\n",
       "      <td>0.204456</td>\n",
       "      <td>0.196408</td>\n",
       "      <td>0.182310</td>\n",
       "      <td>0.105098</td>\n",
       "      <td>1.000000</td>\n",
       "    </tr>\n",
       "  </tbody>\n",
       "</table>\n",
       "</div>"
      ],
      "text/plain": [
       "           Bitcoin  Ethereum    Ripple       NEM  Litecoin   Stellar  \\\n",
       "Bitcoin   1.000000  0.130544  0.146645  0.191949  0.449870  0.158448   \n",
       "Ethereum  0.130544  1.000000  0.140540  0.150541  0.159724  0.167038   \n",
       "Ripple    0.146645  0.140540  1.000000  0.205839  0.217995  0.316807   \n",
       "NEM       0.191949  0.150541  0.205839  1.000000  0.182682  0.235501   \n",
       "Litecoin  0.449870  0.159724  0.217995  0.182682  1.000000  0.231749   \n",
       "Stellar   0.158448  0.167038  0.316807  0.235501  0.231749  1.000000   \n",
       "Dash      0.166142  0.204423  0.152273  0.188961  0.185582  0.170578   \n",
       "Monero    0.229290  0.252394  0.172147  0.189323  0.217628  0.245895   \n",
       "Verge     0.155958  0.073045  0.041373  0.110369  0.091371  0.065280   \n",
       "Siacon    0.153605  0.163056  0.147993  0.187156  0.168379  0.204456   \n",
       "\n",
       "              Dash    Monero     Verge    Siacon  \n",
       "Bitcoin   0.166142  0.229290  0.155958  0.153605  \n",
       "Ethereum  0.204423  0.252394  0.073045  0.163056  \n",
       "Ripple    0.152273  0.172147  0.041373  0.147993  \n",
       "NEM       0.188961  0.189323  0.110369  0.187156  \n",
       "Litecoin  0.185582  0.217628  0.091371  0.168379  \n",
       "Stellar   0.170578  0.245895  0.065280  0.204456  \n",
       "Dash      1.000000  0.243950  0.070023  0.196408  \n",
       "Monero    0.243950  1.000000  0.102924  0.182310  \n",
       "Verge     0.070023  0.102924  1.000000  0.105098  \n",
       "Siacon    0.196408  0.182310  0.105098  1.000000  "
      ]
     },
     "execution_count": 103,
     "metadata": {},
     "output_type": "execute_result"
    }
   ],
   "source": [
    "KenTau = logRC.corr(method='kendall')\n",
    "KenTau"
   ]
  },
  {
   "cell_type": "code",
   "execution_count": 6,
   "metadata": {},
   "outputs": [
    {
     "data": {
      "text/html": [
       "<div>\n",
       "<style scoped>\n",
       "    .dataframe tbody tr th:only-of-type {\n",
       "        vertical-align: middle;\n",
       "    }\n",
       "\n",
       "    .dataframe tbody tr th {\n",
       "        vertical-align: top;\n",
       "    }\n",
       "\n",
       "    .dataframe thead th {\n",
       "        text-align: right;\n",
       "    }\n",
       "</style>\n",
       "<table border=\"1\" class=\"dataframe\">\n",
       "  <thead>\n",
       "    <tr style=\"text-align: right;\">\n",
       "      <th></th>\n",
       "      <th>Bitcoin</th>\n",
       "      <th>Ethereum</th>\n",
       "      <th>Ripple</th>\n",
       "      <th>NEM</th>\n",
       "      <th>Litecoin</th>\n",
       "      <th>Stellar</th>\n",
       "      <th>Dash</th>\n",
       "      <th>Monero</th>\n",
       "      <th>Verge</th>\n",
       "      <th>Siacon</th>\n",
       "    </tr>\n",
       "  </thead>\n",
       "  <tbody>\n",
       "    <tr>\n",
       "      <th>Bitcoin</th>\n",
       "      <td>1.000000</td>\n",
       "      <td>0.190639</td>\n",
       "      <td>0.210115</td>\n",
       "      <td>0.276235</td>\n",
       "      <td>0.587050</td>\n",
       "      <td>0.229330</td>\n",
       "      <td>0.239289</td>\n",
       "      <td>0.329770</td>\n",
       "      <td>0.218730</td>\n",
       "      <td>0.221849</td>\n",
       "    </tr>\n",
       "    <tr>\n",
       "      <th>Ethereum</th>\n",
       "      <td>0.190639</td>\n",
       "      <td>1.000000</td>\n",
       "      <td>0.204828</td>\n",
       "      <td>0.216761</td>\n",
       "      <td>0.231653</td>\n",
       "      <td>0.244067</td>\n",
       "      <td>0.290216</td>\n",
       "      <td>0.357954</td>\n",
       "      <td>0.105615</td>\n",
       "      <td>0.234744</td>\n",
       "    </tr>\n",
       "    <tr>\n",
       "      <th>Ripple</th>\n",
       "      <td>0.210115</td>\n",
       "      <td>0.204828</td>\n",
       "      <td>1.000000</td>\n",
       "      <td>0.293820</td>\n",
       "      <td>0.302654</td>\n",
       "      <td>0.439828</td>\n",
       "      <td>0.218032</td>\n",
       "      <td>0.251641</td>\n",
       "      <td>0.060905</td>\n",
       "      <td>0.215115</td>\n",
       "    </tr>\n",
       "    <tr>\n",
       "      <th>NEM</th>\n",
       "      <td>0.276235</td>\n",
       "      <td>0.216761</td>\n",
       "      <td>0.293820</td>\n",
       "      <td>1.000000</td>\n",
       "      <td>0.263046</td>\n",
       "      <td>0.336210</td>\n",
       "      <td>0.271617</td>\n",
       "      <td>0.274789</td>\n",
       "      <td>0.159462</td>\n",
       "      <td>0.270167</td>\n",
       "    </tr>\n",
       "    <tr>\n",
       "      <th>Litecoin</th>\n",
       "      <td>0.587050</td>\n",
       "      <td>0.231653</td>\n",
       "      <td>0.302654</td>\n",
       "      <td>0.263046</td>\n",
       "      <td>1.000000</td>\n",
       "      <td>0.329288</td>\n",
       "      <td>0.266357</td>\n",
       "      <td>0.313142</td>\n",
       "      <td>0.133027</td>\n",
       "      <td>0.243782</td>\n",
       "    </tr>\n",
       "    <tr>\n",
       "      <th>Stellar</th>\n",
       "      <td>0.229330</td>\n",
       "      <td>0.244067</td>\n",
       "      <td>0.439828</td>\n",
       "      <td>0.336210</td>\n",
       "      <td>0.329288</td>\n",
       "      <td>1.000000</td>\n",
       "      <td>0.244504</td>\n",
       "      <td>0.357372</td>\n",
       "      <td>0.096570</td>\n",
       "      <td>0.293311</td>\n",
       "    </tr>\n",
       "    <tr>\n",
       "      <th>Dash</th>\n",
       "      <td>0.239289</td>\n",
       "      <td>0.290216</td>\n",
       "      <td>0.218032</td>\n",
       "      <td>0.271617</td>\n",
       "      <td>0.266357</td>\n",
       "      <td>0.244504</td>\n",
       "      <td>1.000000</td>\n",
       "      <td>0.344270</td>\n",
       "      <td>0.101574</td>\n",
       "      <td>0.281809</td>\n",
       "    </tr>\n",
       "    <tr>\n",
       "      <th>Monero</th>\n",
       "      <td>0.329770</td>\n",
       "      <td>0.357954</td>\n",
       "      <td>0.251641</td>\n",
       "      <td>0.274789</td>\n",
       "      <td>0.313142</td>\n",
       "      <td>0.357372</td>\n",
       "      <td>0.344270</td>\n",
       "      <td>1.000000</td>\n",
       "      <td>0.150434</td>\n",
       "      <td>0.265961</td>\n",
       "    </tr>\n",
       "    <tr>\n",
       "      <th>Verge</th>\n",
       "      <td>0.218730</td>\n",
       "      <td>0.105615</td>\n",
       "      <td>0.060905</td>\n",
       "      <td>0.159462</td>\n",
       "      <td>0.133027</td>\n",
       "      <td>0.096570</td>\n",
       "      <td>0.101574</td>\n",
       "      <td>0.150434</td>\n",
       "      <td>1.000000</td>\n",
       "      <td>0.148019</td>\n",
       "    </tr>\n",
       "    <tr>\n",
       "      <th>Siacon</th>\n",
       "      <td>0.221849</td>\n",
       "      <td>0.234744</td>\n",
       "      <td>0.215115</td>\n",
       "      <td>0.270167</td>\n",
       "      <td>0.243782</td>\n",
       "      <td>0.293311</td>\n",
       "      <td>0.281809</td>\n",
       "      <td>0.265961</td>\n",
       "      <td>0.148019</td>\n",
       "      <td>1.000000</td>\n",
       "    </tr>\n",
       "  </tbody>\n",
       "</table>\n",
       "</div>"
      ],
      "text/plain": [
       "           Bitcoin  Ethereum    Ripple       NEM  Litecoin   Stellar  \\\n",
       "Bitcoin   1.000000  0.190639  0.210115  0.276235  0.587050  0.229330   \n",
       "Ethereum  0.190639  1.000000  0.204828  0.216761  0.231653  0.244067   \n",
       "Ripple    0.210115  0.204828  1.000000  0.293820  0.302654  0.439828   \n",
       "NEM       0.276235  0.216761  0.293820  1.000000  0.263046  0.336210   \n",
       "Litecoin  0.587050  0.231653  0.302654  0.263046  1.000000  0.329288   \n",
       "Stellar   0.229330  0.244067  0.439828  0.336210  0.329288  1.000000   \n",
       "Dash      0.239289  0.290216  0.218032  0.271617  0.266357  0.244504   \n",
       "Monero    0.329770  0.357954  0.251641  0.274789  0.313142  0.357372   \n",
       "Verge     0.218730  0.105615  0.060905  0.159462  0.133027  0.096570   \n",
       "Siacon    0.221849  0.234744  0.215115  0.270167  0.243782  0.293311   \n",
       "\n",
       "              Dash    Monero     Verge    Siacon  \n",
       "Bitcoin   0.239289  0.329770  0.218730  0.221849  \n",
       "Ethereum  0.290216  0.357954  0.105615  0.234744  \n",
       "Ripple    0.218032  0.251641  0.060905  0.215115  \n",
       "NEM       0.271617  0.274789  0.159462  0.270167  \n",
       "Litecoin  0.266357  0.313142  0.133027  0.243782  \n",
       "Stellar   0.244504  0.357372  0.096570  0.293311  \n",
       "Dash      1.000000  0.344270  0.101574  0.281809  \n",
       "Monero    0.344270  1.000000  0.150434  0.265961  \n",
       "Verge     0.101574  0.150434  1.000000  0.148019  \n",
       "Siacon    0.281809  0.265961  0.148019  1.000000  "
      ]
     },
     "execution_count": 6,
     "metadata": {},
     "output_type": "execute_result"
    }
   ],
   "source": [
    "spearmanRank = logRC.corr(method='spearman')\n",
    "spearmanRank"
   ]
  },
  {
   "cell_type": "code",
   "execution_count": 7,
   "metadata": {},
   "outputs": [
    {
     "data": {
      "text/plain": [
       "[None, None]"
      ]
     },
     "execution_count": 7,
     "metadata": {},
     "output_type": "execute_result"
    },
    {
     "data": {
